0 0.092738 0.101031 0.103042 0.169307
0 0.034347 0.275825 0.064769 0.189687
0 0.174681 0.226444 0.094210 0.188119
0 0.290481 0.122978 0.109912 0.169307
0 0.589794 0.046947 0.045142 0.058003
0 0.155054 0.072029 0.027478 0.042327
0 0.193327 0.080651 0.029441 0.047030
0 0.360648 0.035973 0.034347 0.045462
0 0.673209 0.124546 0.094210 0.159901
0 0.779195 0.100247 0.121688 0.189687
0 0.883219 0.181765 0.125613 0.233581
0 0.918057 0.051299 0.093229 0.102598
0 0.813052 0.808045 0.189401 0.241419
0 0.561825 0.264067 0.118744 0.194390
0 0.684495 0.286015 0.120707 0.169307
0 0.427380 0.249958 0.108930 0.219472
0 0.366536 0.265635 0.046124 0.109736
0 0.491168 0.351072 0.038273 0.064274
0 0.310599 0.356559 0.122669 0.191254
0 0.235525 0.793936 0.066732 0.125413