Input/clip/jpg (1)_1.jpg 8.398 7.648 39.453 35.913 1.248 5.338 1.994
Input/clip/jpg (10)_1.jpg 8.594 3.754 41.65 27.734 4.529 10.364 3.366
Input/clip/jpg (10)_2.jpg 10.394 16.614 11.42 46.606 3.766 1.131 10.077
Input/clip/jpg (10)_3.jpg 30.249 12.805 13.843 9.668 2.814 3.09 27.539
Input/clip/jpg (2)_1.jpg 6.946 27.905 25.806 13.379 3.836 8.118 14.026
Input/clip/jpg (2)_2.jpg 13.623 15.93 21.106 20.447 12.024 3.668 13.208
Input/clip/jpg (3)_1.jpg 9.717 3.308 4.379 15.771 6.177 50.146 10.51
Input/clip/jpg (3)_2.jpg 6.335 8.392 5.173 27.1 6.143 37.036 9.814
Input/clip/jpg (3)_3.jpg 10.583 6.125 10.748 17.444 10.419 36.938 7.739
Input/clip/jpg (3)_4.jpg 3.922 1.823 6.879 34.399 4.956 40.21 7.794
Input/clip/jpg (3)_5.jpg 9.332 3.03 15.393 11.615 4.767 46.68 9.192
Input/clip/jpg (4)_1.JPG 1.808 19.446 1.224 59.863 2.89 5.569 9.186
Input/clip/jpg (6)_1.jpg 22.205 5.704 15.991 21.191 1.634 16.76 16.504
Input/clip/jpg (6)_2.jpg 36.23 3.821 6.5 17.383 4.327 16.858 14.868
Input/clip/jpg (6)_3.jpg 30.2 0.598 28.369 31.177 1.962 5.087 2.599
Input/clip/jpg (8)_1.jpg 25.0 0.588 4.211 42.529 5.579 7.166 14.929
Input/clip/jpg (9)_1.jpg 60.254 3.047 1.27 14.307 6.25 2.229 12.634
Input/clip/png (1)_1.png 1.488 14.795 9.558 46.313 1.941 5.035 20.874
Input/clip/png (11)_1.png 8.533 9.222 10.449 22.119 19.836 12.61 17.236
Input/clip/png (11)_2.png 3.131 14.258 3.439 19.8 8.002 27.49 23.877
Input/clip/png (13)_1.png 6.036 7.172 6.525 8.649 10.76 23.877 36.987
Input/clip/png (13)_2.png 7.8 14.124 3.922 9.259 20.227 18.701 25.977
Input/clip/png (13)_3.png 7.715 20.972 18.225 18.799 4.904 8.74 20.642
Input/clip/png (14)_1.png 3.317 4.977 6.1 15.82 4.901 17.651 47.241
Input/clip/png (14)_2.png 3.281 1.367 20.398 8.374 4.697 18.005 43.872
Input/clip/png (14)_3.png 28.223 1.495 12.134 18.506 4.605 9.753 25.293
Input/clip/png (15)_1.png 2.859 2.95 1.393 38.867 4.498 27.979 21.46
Input/clip/png (15)_2.png 9.192 39.307 7.385 11.438 7.501 9.784 15.393
Input/clip/png (15)_3.png 9.448 5.057 3.421 31.47 5.911 27.344 17.371
Input/clip/png (15)_4.png 24.927 5.829 0.665 35.718 6.604 15.356 10.895
Input/clip/png (15)_5.png 7.526 17.224 0.678 44.678 5.859 13.416 10.614
Input/clip/png (15)_6.png 11.42 24.548 11.42 9.766 17.957 15.125 9.766
Input/clip/png (16)_1.png 4.596 7.007 4.892 22.986 4.971 29.517 26.05
Input/clip/png (16)_2.png 1.468 2.136 1.025 21.912 1.663 44.946 26.855
Input/clip/png (16)_3.png 3.232 3.662 2.187 4.929 12.201 33.154 40.625
Input/clip/png (16)_4.png 1.503 1.651 1.601 5.499 3.183 29.272 57.275
Input/clip/png (17)_1.png 1.244 3.833 8.508 9.943 4.279 20.093 52.1
Input/clip/png (17)_2.png 1.64 16.064 3.998 50.244 2.075 7.471 18.494
Input/clip/png (19)_1.png 47.119 6.897 1.358 2.617 5.807 4.813 31.396
Input/clip/png (2)_1.png 12.378 4.553 26.611 36.963 4.279 5.579 9.637
Input/clip/png (2)_2.png 11.56 3.934 22.278 17.908 3.062 17.908 23.352
Input/clip/png (2)_3.png 17.236 2.296 18.347 52.246 1.874 2.902 5.093
Input/clip/png (2)_4.png 8.466 7.129 26.489 24.5 3.116 13.965 16.321
Input/clip/png (20)_1.png 1.772 9.723 11.914 29.492 3.751 23.694 19.641
Input/clip/png (20)_2.png 7.227 14.148 12.878 27.271 6.476 19.336 12.683
Input/clip/png (20)_3.png 6.909 3.113 0.728 3.937 10.699 30.957 43.652
Input/clip/png (20)_4.png 3.601 32.08 8.636 22.754 5.936 12.756 14.233
Input/clip/png (3)_1.png 19.934 7.33 1.537 4.81 4.59 12.476 49.341
Input/clip/png (4)_1.png 10.815 1.252 1.006 19.897 7.55 22.9 36.597
Input/clip/png (5)_1.png 4.288 14.514 7.764 12.219 1.371 5.093 54.736
Input/clip/png (8)_1.png 3.674 0.68 0.538 52.344 2.567 26.318 13.867
Input/clip/png (8)_2.png 0.895 11.072 33.057 11.786 7.037 22.363 13.782
