1 0 0.496283 0.52139 0.657993 0.935829 0.916015625
10 0 0.343636 0.617486 0.345455 0.754098 0.94384765625
13 0 0.56 0.464286 0.306667 0.619048 0.79248046875
17 0 0.42278 0.520619 0.351351 0.938144 0.701171875
18 0 0.967181 0.971649 0.0579151 0.056701 0.1204833984375
18 0 0.837838 0.935567 0.0694981 0.128866 0.324462890625
18 0 0.971042 0.440722 0.0579151 0.190722 0.4423828125
18 0 0.909266 0.948454 0.0656371 0.103093 0.58349609375
19 0 0.494819 0.498084 0.968912 0.988506 0.72900390625
21 0 0.666667 0.525424 0.582456 0.915254 0.7119140625
23 0 0.505455 0.54918 0.647273 0.89071 0.90087890625
31 0 0.591379 0.502874 0.741379 0.994253 0.87255859375
32 0 0.36 0.508929 0.466667 0.946429 0.931640625
4 0 0.452381 0.478261 0.582418 0.869565 0.434326171875
41 0 0.591111 0.457778 0.666667 0.853333 0.166259765625
5 0 0.399317 0.729651 0.197952 0.52907 0.70263671875
5 0 0.15529 0.613372 0.31058 0.75 0.744140625
5 0 0.824232 0.587209 0.283276 0.813953 0.83056640625
5 0 0.616041 0.607558 0.242321 0.773256 0.8427734375
53 0 0.498333 0.5625 0.723333 0.85119 0.802734375
6 0 0.466129 0.496933 0.448387 0.981595 0.63525390625
61 0 0.53871 0.496914 0.348387 0.993827 0.8798828125
63 0 0.5 0.492032 1 0.984064 0.66650390625
7 0 0.392734 0.56 0.543253 0.834286 0.880859375
8 0 0.518182 0.368852 0.287273 0.606557 0.125
8 0 0.674545 0.508197 0.563636 0.885246 0.8671875
9 0 0.710145 0.592896 0.398551 0.715847 0.90966796875
91 0 0.460821 0.49734 0.660448 0.973404 0.5966796875
94 0 0.524876 0.438247 0.0646766 0.0478088 0.192138671875
95 0 0.692308 0.544643 0.240803 0.875 0.9326171875
98 0 0.5 0.562232 0.462963 0.678112 0.22802734375
haze3 0 0.294444 0.604839 0.174074 0.435484 0.6640625
haze3 0 0.535185 0.612903 0.122222 0.44086 0.8408203125
haze3 0 0.744444 0.612903 0.155556 0.494624 0.8466796875
haze6 0 0.129091 0.508197 0.0327273 0.131148 0.1676025390625
haze6 0 0.812727 0.601093 0.0909091 0.459016 0.296875
haze6 0 0.761818 0.562842 0.2 0.590164 0.332275390625
ocr12 0 0.466063 0.491903 0.80543 0.975708 0.408203125
ocr12 0 0.861991 0.493927 0.271493 0.97166 0.6796875
ocr8 0 0.488333 0.559062 0.475 0.569375 0.56201171875
ocr8 0 0.165 0.58125 0.328333 0.555 0.7373046875
ocr8 0 0.847083 0.554688 0.304167 0.464375 0.89990234375
