2 0.598333 0.4375 0.288333 0.275
0 0.32625 0.8625 0.0541667 0.0683333
0 0.21 0.192917 0.045 0.0841667
0 0.155 0.307083 0.0483333 0.0758333
0 0.84125 0.649583 0.0791667 0.104167
0 0.749167 0.803333 0.05 0.108333
2 0.34625 0.261667 0.119167 0.151667
0 0.85875 0.545417 0.0625 0.114167
2 0.463333 0.284583 0.125 0.145833
2 0.23375 0.0420833 0.0858333 0.0841667
0 0.122083 0.24625 0.0458333 0.0841667
2 0.397083 0.549167 0.190833 0.166667
0 0.0545833 0.295417 0.0341667 0.0341667
0 0.391667 0.882917 0.085 0.109167
2 0.162917 0.0854167 0.0891667 0.124167
2 0.635417 0.330417 0.140833 0.1625
0 0.79 0.82875 0.075 0.109167
0 0.139167 0.9225 0.0766667 0.108333
2 0.955417 0.668333 0.0891667 0.138333
2 0.229583 0.459167 0.149167 0.185
0 0.71875 0.618333 0.0758333 0.108333
2 0.482083 0.104583 0.105833 0.1275
0 0.0566667 0.341667 0.0616667 0.0966667
2 0.417917 0.0379167 0.119167 0.0741667
2 0.431667 0.710417 0.205 0.209167
2 0.54375 0.234167 0.135833 0.133333
2 0.9225 0.51 0.155 0.183333
2 0.0945833 0.456667 0.160833 0.173333
2 0.0441667 0.745417 0.0883333 0.1475
2 0.5475 0.151667 0.106667 0.105
2 0.90375 0.760417 0.1925 0.165833
2 0.600833 0.71375 0.183333 0.209167
2 0.224583 0.585 0.185833 0.188333
2 0.3 0.36875 0.221667 0.224167
2 0.0679167 0.5675 0.134167 0.178333
2 0.932917 0.901667 0.134167 0.196667
2 0.669167 0.900833 0.34 0.198333
2 0.235833 0.764583 0.215 0.205833
