0 0.910891 0.878006 0.0311174 0.0261669
2 0.567539 0.453324 0.0176803 0.0127298
2 0.522277 0.469943 0.0176803 0.0162659
0 0.671853 0.843706 0.0254597 0.019802
2 0.60785 0.45297 0.0120226 0.00919378
2 0.514852 0.488685 0.0268741 0.0169731
2 0.583805 0.451556 0.0134371 0.0106082
2 0.63826 0.567185 0.0459689 0.0410184
2 0.515912 0.503182 0.0289958 0.0261669
2 0.556931 0.490453 0.0247525 0.0219236
2 0.134017 0.605375 0.0685997 0.039604
2 0.475601 0.480198 0.023338 0.0183876
2 0.474894 0.577793 0.0473833 0.0353607
2 0.625177 0.633663 0.0650636 0.0565771
2 0.133663 0.643918 0.0834512 0.062942
2 0.720297 0.781825 0.115276 0.109618
2 0.693777 0.871641 0.134371 0.111033
2 0.928925 0.906294 0.139321 0.115276
