0 0.30125 0.674583 0.0375 0.0441667
0 0.786667 0.288333 0.0433333 0.085
2 0.0983333 0.03375 0.07 0.0675
0 0.679167 0.995417 0.0333333 0.00916667
0 0.770417 0.154167 0.0358333 0.0416667
0 0.637083 0.99 0.0458333 0.02
0 0.934583 0.0566667 0.0375 0.0733333
0 0.924167 0.392083 0.0366667 0.0591667
0 0.79625 0.3225 0.0441667 0.1
0 0.756667 0.391667 0.0383333 0.0966667
0 0.51125 0.80875 0.0358333 0.0408333
0 0.86625 0.374167 0.0458333 0.103333
0 0.27 0.164167 0.0566667 0.06
2 0.963333 0.156667 0.0733333 0.0883333
0 0.389583 0.0375 0.0325 0.0466667
0 0.832917 0.775 0.0641667 0.08
0 0.122917 0.208333 0.0391667 0.0333333
0 0.819583 0.607917 0.0425 0.0625
0 0.278333 0.0995833 0.04 0.0725
