Input/emotion/1.jpg 52.246 40.063 1.308 0.658 0.599 0.781 1.903 0.608 0.658 1.173
Input/emotion/10.jpg 30.225 40.039 9.076 1.787 0.599 2.156 7.068 1.706 4.562 2.768
Input/emotion/11.jpg 33.008 57.031 0.839 0.493 0.06 1.363 2.585 0.319 1.183 3.119
Input/emotion/12.jpg 23.596 62.158 4.166 1.07 0.026 0.929 4.575 0.316 1.053 2.095
Input/emotion/13.jpg 6.207 44.458 12.732 1.131 1.241 2.754 9.32 7.849 4.987 9.32
Input/emotion/14.png 16.833 41.016 9.442 2.278 2.502 1.747 3.937 4.898 10.535 6.799
Input/emotion/15.jpg 5.832 6.403 2.249 7.147 0.88 4.541 4.202 3.171 59.814 5.74
Input/emotion/16.jpg 5.402 52.051 6.83 3.128 1.048 6.622 8.905 5.319 10.254 0.423
Input/emotion/17.jpg 14.673 59.863 6.021 1.386 0.226 2.113 1.131 1.724 5.835 7.037
Input/emotion/18.jpg 14.148 24.451 3.256 1.295 2.274 1.025 9.277 2.658 38.452 3.156
Input/emotion/19.jpg 51.904 16.577 9.302 2.544 1.449 1.028 3.879 0.226 4.901 8.209
Input/emotion/2.jpg 15.063 13.501 0.919 54.248 1.057 5.716 3.635 2.039 1.691 2.136
Input/emotion/21.jpg 62.451 26.44 1.091 0.919 0.323 0.963 4.453 0.811 1.337 1.237
Input/emotion/22.jpg 56.201 20.667 0.741 1.013 0.203 0.894 13.989 1.894 1.281 3.12
Input/emotion/23.jpg 47.852 47.852 0.672 0.42 0.215 0.978 0.178 0.285 1.025 0.523
Input/emotion/24.jpg 1.56 2.782 11.713 1.106 1.273 0.682 1.106 1.56 76.367 1.852
Input/emotion/3.jpg 13.11 31.445 3.314 9.296 1.011 7.471 5.212 3.937 21.277 3.937
Input/emotion/31.jpg 46.362 46.362 1.445 0.476 0.11 0.773 1.025 0.298 2.309 0.823
Input/emotion/32.jpg 42.383 53.613 0.457 0.237 0.148 0.685 0.707 0.072 1.3 0.409
Input/emotion/4.jpg 39.136 37.939 1.542 1.077 1.201 1.642 4.462 1.163 10.211 1.616
Input/emotion/41.jpg 11.914 45.679 3.87 3.061 0.202 3.809 11.914 1.691 10.852 7.007
Input/emotion/42.jpg 4.971 4.892 0.181 0.285 0.02 86.719 1.744 0.516 0.549 0.105
Input/emotion/5.jpg 61.865 32.08 0.315 0.588 0.319 0.552 1.098 0.305 2.435 0.458
Input/emotion/51.jpg 26.074 27.759 5.551 8.6 0.996 5.215 2.925 5.551 13.745 3.586
Input/emotion/52.jpg 84.326 10.718 0.179 3.072 0.006 0.119 0.144 0.068 1.184 0.203
Input/emotion/53.jpg 59.082 31.641 0.97 1.266 0.136 1.9 1.785 1.152 1.066 0.986
Input/emotion/6.jpg 12.83 73.828 1.683 5.267 0.023 2.031 1.556 0.432 0.846 1.485
Input/emotion/61.jpg 16.626 62.744 1.955 1.114 0.676 4.691 7.733 1.365 1.781 1.302
Input/emotion/62.jpg 6.897 51.758 8.063 5.542 0.469 12.683 1.855 2.498 8.063 2.17
Input/emotion/63.jpg 38.867 48.364 1.965 0.9 0.425 1.192 3.091 0.628 3.189 1.372
Input/emotion/7.jpg 21.619 57.861 7.709 1.278 1.2 2.042 3.757 0.864 1.238 2.463
Input/emotion/71.jpg 19.812 58.203 6.329 1.73 0.261 2.809 5.588 0.352 3.781 1.118
Input/emotion/8.jpg 29.419 46.997 1.91 1.334 1.214 0.848 6.165 1.214 10.327 0.573
Input/emotion/82.jpg 50.928 34.985 5.801 1.77 0.749 1.024 0.693 1.399 1.825 0.849
Input/emotion/9.jpg 14.722 47.534 11.652 2.19 4.153 3.442 4.855 3.497 1.307 6.641
Input/emotion/91.jpg 88.184 8.728 0.673 0.695 0.477 0.26 0.128 0.15 0.541 0.17
Input/emotion/94.jpg 3.497 21.423 16.943 13.831 4.218 1.872 11.469 1.435 23.523 1.787
Input/emotion/95.jpg 23.73 64.502 3.064 0.838 0.162 1.947 2.541 0.838 2.206 0.19
Input/emotion/97.jpg 9.692 51.562 12.445 2.692 1.087 6.064 2.608 5.106 6.354 2.374
Input/emotion/98.jpg 17.92 66.602 0.996 1.299 0.813 2.28 2.28 1.239 4.324 2.243
Input/emotion/haze1.jpg 20.312 16.321 17.651 4.675 2.351 6.195 9.448 4.126 8.209 10.706
Input/emotion/haze3.jpg 10.577 36.353 8.502 1.753 1.015 9.631 3.128 7.385 11.084 10.577
Input/emotion/haze6.jpg 8.27 35.352 4.358 1.003 0.957 5.771 4.565 3.784 8.398 27.539
Input/emotion/haze7.jpg 3.741 9.259 2.034 1.215 2.199 1.42 4.044 1.712 4.88 69.482
Input/emotion/ocr1.jpg 6.561 32.3 6.067 6.982 1.659 8.966 8.295 17.834 10.321 1.022
Input/emotion/ocr10.jpg 11.053 21.631 2.708 6.396 2.077 6.396 6.805 8.881 28.662 5.386
Input/emotion/ocr11.jpg 7.001 23.694 3.467 4.663 2.136 20.581 7.452 21.57 7.336 2.103
Input/emotion/ocr12.jpg 74.023 15.515 0.43 0.368 0.255 0.368 0.687 6.567 1.443 0.354
Input/emotion/ocr13.jpg 2.176 84.229 3.369 0.623 0.11 1.299 2.045 0.542 3.265 2.316
Input/emotion/ocr14.jpg 2.56 67.09 5.255 3.784 0.554 5.014 5.255 2.994 6.854 0.647
Input/emotion/ocr15.jpg 11.768 18.506 9.308 2.353 2.794 16.333 13.757 11.584 10.382 3.217
Input/emotion/ocr2.jpg 3.955 27.881 2.118 0.325 1.082 4.697 52.93 2.084 2.437 2.475
Input/emotion/ocr3.jpg 6.573 29.468 4.05 4.81 11.359 7.928 15.771 3.105 2.344 14.587
Input/emotion/ocr4.jpg 17.761 14.27 6.235 22.461 0.512 7.764 3.497 1.602 22.815 3.087
Input/emotion/ocr5.jpg 7.709 29.077 6.097 8.868 5.215 19.373 11.566 6.293 4.257 1.541
Input/emotion/ocr6.jpg 15.027 10.828 2.397 6.268 1.08 5.978 2.695 23.645 22.217 9.857
Input/emotion/ocr7.jpg 5.774 45.435 13.855 0.623 0.124 2.075 0.734 0.623 30.249 0.505
Input/emotion/ocr8.jpg 17.09 60.596 1.318 0.541 0.508 1.2 0.878 0.541 16.309 1.011
Input/emotion/ocr9.jpg 1.714 5.197 7.33 6.885 3.253 1.825 8.179 6.47 32.349 26.807
