Input/emotion/1.jpg 0.138 96.338 1.607 0.076 0.13 0.747 0.015 0.115 0.07 0.044 0.49 0.08 0.14
Input/emotion/10.jpg 27.295 33.984 6.384 8.862 4.123 3.162 0.799 1.237 4.318 1.469 5.634 1.516 1.218
Input/emotion/11.jpg 0.246 97.754 0.111 0.03 0.832 0.066 0.002 0.044 0.609 0.049 0.138 0.077 0.026
Input/emotion/12.jpg 0.045 98.877 0.325 0.051 0.133 0.237 0.007 0.012 0.112 0.01 0.153 0.039 0.019
Input/emotion/13.jpg 22.681 19.409 9.454 2.077 9.021 0.996 4.681 0.403 3.763 17.126 1.147 0.893 8.344
Input/emotion/14.png 5.188 14.319 5.786 3.351 4.041 7.666 2.821 1.332 8.423 13.672 8.826 1.685 22.888
Input/emotion/15.jpg 26.587 1.837 0.305 15.881 12.756 0.105 0.286 5.487 2.716 0.385 0.451 32.568 0.635
Input/emotion/16.jpg 56.152 0.922 0.248 1.28 25.317 0.114 0.534 0.108 1.45 0.334 0.068 12.927 0.559
Input/emotion/17.jpg 47.852 5.896 2.382 2.965 3.748 0.774 2.309 1.025 1.236 13.086 4.739 0.276 13.708
Input/emotion/18.jpg 10.272 18.604 2.257 3.336 6.329 13.196 1.842 2.087 25.024 5.246 8.789 0.417 2.597
Input/emotion/19.jpg 6.58 6.897 0.28 3.809 10.846 0.24 0.294 0.672 63.428 3.928 2.007 0.705 0.338
Input/emotion/2.jpg 61.523 24.097 0.303 1.859 4.388 0.107 0.06 0.281 5.548 0.751 0.202 0.165 0.705
Input/emotion/21.jpg 77.832 5.215 0.775 4.898 4.977 0.05 1.027 0.508 1.566 0.906 0.384 0.212 1.64
Input/emotion/22.jpg 81.104 4.434 0.49 4.947 2.095 0.342 0.331 0.342 3.854 0.497 0.659 0.214 0.68
Input/emotion/23.jpg 77.1 0.363 1.246 7.513 1.208 0.941 3.439 0.194 3.035 2.721 0.368 0.437 1.456
Input/emotion/24.jpg 17.31 28.54 1.636 12.866 5.89 1.356 1.196 0.565 20.886 3.152 1.61 1.196 3.802
Input/emotion/3.jpg 7.391 0.265 0.038 91.504 0.068 0.02 0.016 0.035 0.357 0.031 0.099 0.161 0.027
Input/emotion/31.jpg 1.848 2.127 2.907 2.525 12.622 18.665 1.053 0.6 32.251 8.813 7.422 8.282 0.887
Input/emotion/32.jpg 3.217 10.547 3.702 1.26 21.985 12.524 1.077 0.664 27.783 3.702 6.598 6.104 0.839
Input/emotion/4.jpg 4.669 12.891 1.218 0.934 18.762 10.522 0.083 2.702 31.421 1.54 5.127 9.735 0.402
Input/emotion/41.jpg 2.759 17.993 1.186 1.453 26.172 3.891 0.176 0.51 36.328 2.936 4.077 1.897 0.616
Input/emotion/42.jpg 1.653 28.833 1.528 2.055 14.722 3.391 0.065 1.413 38.794 1.505 3.038 2.681 0.32
Input/emotion/5.jpg 10.901 55.371 1.955 0.828 7.263 4.474 0.053 1.262 6.824 0.56 5.743 3.43 1.364
Input/emotion/51.jpg 19.189 5.499 6.738 2.365 27.49 7.062 3.284 0.598 9.351 7.281 2.597 1.369 7.172
Input/emotion/52.jpg 40.332 26.05 2.171 2.205 13.306 1.276 0.371 0.196 6.281 2.46 0.622 1.218 3.525
Input/emotion/53.jpg 33.618 35.791 5.576 3.952 2.15 4.623 0.698 0.855 3.177 1.169 1.304 0.253 6.83
Input/emotion/6.jpg 6.763 29.834 0.713 2.774 27.173 1.27 0.521 0.61 21.484 1.82 4.166 1.709 1.175
Input/emotion/61.jpg 5.334 4.221 1.267 0.374 66.016 4.636 0.424 0.733 8.521 1.118 0.496 6.14 0.733
Input/emotion/62.jpg 2.901 1.084 2.156 0.781 37.036 8.008 0.207 0.445 38.818 3.445 0.7 4.028 0.405
Input/emotion/63.jpg 1.421 6.079 3.204 0.903 36.084 14.355 0.44 1.537 19.324 1.715 5.71 8.844 0.371
Input/emotion/7.jpg 37.573 2.292 1.625 1.327 5.328 1.153 14.258 0.104 4.282 25.024 1.266 0.817 4.929
Input/emotion/71.jpg 26.196 0.404 0.335 0.31 1.501 1.573 7.275 0.026 0.97 60.938 0.188 0.069 0.227
Input/emotion/8.jpg 3.247 12.646 2.65 1.194 20.52 14.319 0.192 1.176 24.365 1.738 5.786 11.688 0.475
Input/emotion/82.jpg 4.761 4.761 2.284 5.31 8.484 10.895 0.153 4.837 36.865 0.998 14.441 4.99 1.223
Input/emotion/9.jpg 4.984 1.341 1.028 0.478 64.648 1.384 2.177 0.067 11.06 9.76 0.634 1.723 0.741
Input/emotion/91.jpg 3.796 8.691 7.672 9.851 22.546 6.561 0.522 1.122 24.756 3.568 6.665 2.57 1.685
Input/emotion/94.jpg 18.323 0.341 0.431 4.025 6.042 0.473 52.197 0.039 2.855 13.403 0.657 0.301 0.898
Input/emotion/95.jpg 9.363 3.497 6.046 0.806 40.674 4.355 1.287 0.331 12.793 14.502 2.559 2.367 1.436
Input/emotion/97.jpg 44.531 0.79 0.436 0.709 0.969 0.14 41.187 0.025 0.587 9.937 0.209 0.054 0.43
Input/emotion/98.jpg 64.453 4.816 2.039 6.378 1.058 3.47 1.54 0.811 3.47 3.311 4.742 0.408 3.525
Input/emotion/haze1.jpg 3.595 14.893 11.603 7.611 11.42 5.313 3.122 1.779 4.074 12.549 10.901 3.223 9.924
Input/emotion/haze3.jpg 9.058 27.051 8.246 5.847 17.737 6.323 0.57 4.7 1.756 11.627 3.384 1.756 1.959
Input/emotion/haze6.jpg 9.357 23.157 8.789 5.676 16.943 3.839 0.844 2.48 2.559 19.202 3.961 1.034 2.155
Input/emotion/haze7.jpg 6.726 34.155 2.805 3.714 23.853 4.144 0.519 2.116 5.939 11.81 2.515 0.755 0.939
Input/emotion/ocr1.jpg 1.645 9.033 9.772 2.843 14.673 29.175 1.242 1.836 2.629 1.698 10.083 14.221 1.167
Input/emotion/ocr10.jpg 3.458 0.312 0.056 94.873 0.067 0.051 0.015 0.094 0.353 0.025 0.224 0.406 0.058
Input/emotion/ocr11.jpg 1.939 5.27 12.256 6.067 24.756 3.149 3.351 3.918 4.041 3.857 6.458 8.691 16.235
Input/emotion/ocr12.jpg 20.837 0.629 0.154 75.049 0.159 0.183 0.072 0.759 0.104 0.282 1.054 0.62 0.086
Input/emotion/ocr13.jpg 1.189 1.412 0.024 0.598 3.442 0.182 0.001 1.083 90.137 0.301 0.431 1.153 0.035
Input/emotion/ocr14.jpg 2.055 10.938 0.571 2.478 6.531 1.39 0.023 51.367 10.272 0.71 4.852 8.124 0.699
Input/emotion/ocr15.jpg 33.936 15.784 2.345 17.334 5.368 3.36 1.041 1.587 4.117 1.944 1.236 8.99 2.965
Input/emotion/ocr2.jpg 1.234 4.88 6.171 1.443 11.707 3.86 32.324 0.157 0.307 21.875 5.035 9.412 1.585
Input/emotion/ocr3.jpg 0.127 97.266 0.535 0.133 0.112 0.543 0.007 0.086 0.842 0.019 0.109 0.144 0.068
Input/emotion/ocr4.jpg 0.802 74.463 0.345 0.88 0.827 6.61 1.113 0.209 0.605 1.521 11.597 0.3 0.73
Input/emotion/ocr5.jpg 2.467 12.335 1.544 3.763 5.92 17.944 0.644 15.601 2.391 1.044 12.927 20.984 2.429
Input/emotion/ocr6.jpg 73.584 0.898 0.049 3.72 0.871 0.015 0.405 0.647 2.121 1.48 0.721 0.305 15.186
Input/emotion/ocr7.jpg 49.805 0.428 0.103 27.515 1.932 0.173 0.667 1.153 2.766 7.52 4.706 2.023 1.228
Input/emotion/ocr8.jpg 67.383 0.681 1.039 10.168 1.023 1.234 0.1 2.199 0.65 1.055 3.201 9.406 1.881
Input/emotion/ocr9.jpg 7.147 1.222 0.069 84.375 0.206 0.097 0.012 0.179 1.321 0.086 0.233 1.113 3.946
