web_test 0 0.0792969 0.072 0.0148437 0.0276364 0.102294921875
web_test 0 0.521094 0.0883636 0.0359375 0.0589091 0.11279296875
web_test 0 0.0724609 0.0974545 0.0191406 0.0290909 0.12042236328125
web_test 0 0.755078 0.614545 0.0242187 0.0378182 0.1217041015625
web_test 0 0.527734 0.695273 0.0140625 0.032 0.1217041015625
web_test 0 0.0662109 0.0738182 0.0160156 0.0298182 0.134765625
web_test 0 0.0859375 0.0730909 0.0171875 0.024 0.1451416015625
web_test 0 0.153516 0.604727 0.0242187 0.0327273 0.1466064453125
web_test 0 0.520703 0.601455 0.015625 0.0305455 0.16455078125
web_test 0 0.222266 0.357455 0.0273438 0.0443636 0.1650390625
web_test 0 0.279297 0.577091 0.0210938 0.0370909 0.1688232421875
web_test 0 0.624609 0.0843636 0.0203125 0.0494545 0.187744140625
web_test 0 0.632031 0.856 0.0289063 0.0712727 0.1961669921875
web_test 0 0.410156 0.0774545 0.0195312 0.0414545 0.216064453125
web_test 0 0.505078 0.598545 0.0203125 0.0392727 0.21728515625
web_test 0 0.544141 0.647273 0.025 0.0421818 0.24072265625
web_test 0 0.780469 0.603636 0.0328125 0.064 0.24365234375
web_test 0 0.0269531 0.088 0.0179687 0.0421818 0.24365234375
web_test 0 0.213672 0.0869091 0.03125 0.0545455 0.2822265625
web_test 0 0.554688 0.602182 0.0101562 0.0247273 0.326904296875
web_test 0 0.0472656 0.119273 0.0171875 0.032 0.329345703125
web_test 0 0.483203 0.0818182 0.0296875 0.0501818 0.33642578125
web_test 0 0.589844 0.605091 0.0148437 0.0261818 0.43408203125
web_test 0 0.572656 0.601818 0.01875 0.0298182 0.440673828125
web_test 0 0.514063 0.664727 0.0289063 0.0552727 0.455078125
web_test 0 0.0480469 0.0774545 0.0148437 0.0283636 0.478515625
web_test 0 0.792578 0.0709091 0.0195312 0.0370909 0.4970703125
web_test 0 0.185547 0.0789091 0.0289063 0.04 0.5068359375
web_test 0 0.605078 0.595636 0.0179687 0.0363636 0.5126953125
web_test 0 0.540625 0.598545 0.0179687 0.0305455 0.5908203125
web_test 0 0.764844 0.101455 0.0234375 0.04 0.60302734375
web_test 0 0.356836 0.879273 0.0386719 0.0683636 0.638671875
web_test 0 0.436719 0.390545 0.101562 0.161455 0.66357421875
web_test 0 0.326562 0.0774545 0.0367187 0.0458182 0.6767578125
web_test 0 0.651953 0.0916364 0.0351562 0.0552727 0.67822265625
web_test 0 0.570312 0.640364 0.0289063 0.0530909 0.7177734375
web_test 0 0.0935547 0.640727 0.0441406 0.0698182 0.74072265625
web_test 0 0.587891 0.884364 0.0796875 0.113455 0.75146484375
web_test 0 0.0818359 0.904 0.0644531 0.100364 0.759765625
web_test 0 0.219727 0.885818 0.0574219 0.107636 0.79833984375
web_test 0 0.910156 0.123636 0.0734375 0.119273 0.79931640625
web_test 0 0.2875 0.342182 0.0460938 0.0690909 0.80322265625
web_test 0 0.241406 0.593455 0.03125 0.0581818 0.80615234375
web_test 0 0.903906 0.896 0.071875 0.145455 0.8076171875
web_test 0 0.298828 0.885091 0.0367187 0.0829091 0.810546875
web_test 0 0.231836 0.414545 0.0347656 0.0523636 0.8203125
web_test 0 0.382812 0.655273 0.1125 0.164364 0.8369140625
web_test 0 0.457812 0.892364 0.046875 0.0770909 0.8466796875
web_test 0 0.609766 0.367636 0.075 0.137455 0.85546875
web_test 0 0.149023 0.153455 0.0511719 0.0887273 0.8603515625
web_test 0 0.846875 0.350545 0.0546875 0.0872727 0.8681640625
web_test 0 0.907812 0.634182 0.075 0.136727 0.8798828125
web_test 0 0.720703 0.622545 0.0445312 0.0858182 0.8994140625
