Cars_2006 2 0.65444 0.582245 0.220077 0.146214 0.27392578125
Cars_2006 2 0.785714 0.570496 0.142857 0.075718 0.3154296875
Cars_2006 2 0.208494 0.558747 0.262548 0.0835509 0.442138671875
Cars_2006 2 0.438224 0.524804 0.158301 0.0835509 0.716796875
Cars_2006 2 0.519305 0.668407 0.320463 0.214099 0.80126953125
Cars_2006 2 0.295367 0.613577 0.243243 0.114883 0.87353515625
GettyImages-547031277-58ef97803df78cd3fc724e24 0 0.702617 0.757426 0.0219236 0.0183876 0.22802734375
GettyImages-547031277-58ef97803df78cd3fc724e24 2 0.520509 0.479844 0.019802 0.0148515 0.40869140625
GettyImages-547031277-58ef97803df78cd3fc724e24 2 0.539958 0.440594 0.0120226 0.0113154 0.477783203125
GettyImages-547031277-58ef97803df78cd3fc724e24 0 0.910891 0.878006 0.0311174 0.0261669 0.50927734375
GettyImages-547031277-58ef97803df78cd3fc724e24 2 0.567539 0.453324 0.0176803 0.0127298 0.5244140625
GettyImages-547031277-58ef97803df78cd3fc724e24 2 0.522277 0.469943 0.0176803 0.0162659 0.58544921875
GettyImages-547031277-58ef97803df78cd3fc724e24 0 0.671853 0.843706 0.0254597 0.019802 0.63330078125
GettyImages-547031277-58ef97803df78cd3fc724e24 2 0.60785 0.45297 0.0120226 0.00919378 0.64111328125
GettyImages-547031277-58ef97803df78cd3fc724e24 2 0.514852 0.488685 0.0268741 0.0169731 0.70947265625
GettyImages-547031277-58ef97803df78cd3fc724e24 2 0.583805 0.451556 0.0134371 0.0106082 0.7216796875
GettyImages-547031277-58ef97803df78cd3fc724e24 2 0.63826 0.567185 0.0459689 0.0410184 0.7578125
GettyImages-547031277-58ef97803df78cd3fc724e24 2 0.515912 0.503182 0.0289958 0.0261669 0.8232421875
GettyImages-547031277-58ef97803df78cd3fc724e24 2 0.556931 0.490453 0.0247525 0.0219236 0.84765625
GettyImages-547031277-58ef97803df78cd3fc724e24 2 0.134017 0.605375 0.0685997 0.039604 0.87109375
GettyImages-547031277-58ef97803df78cd3fc724e24 2 0.475601 0.480198 0.023338 0.0183876 0.8720703125
GettyImages-547031277-58ef97803df78cd3fc724e24 2 0.474894 0.577793 0.0473833 0.0353607 0.88720703125
GettyImages-547031277-58ef97803df78cd3fc724e24 2 0.625177 0.633663 0.0650636 0.0565771 0.91162109375
GettyImages-547031277-58ef97803df78cd3fc724e24 2 0.133663 0.643918 0.0834512 0.062942 0.9189453125
GettyImages-547031277-58ef97803df78cd3fc724e24 2 0.720297 0.781825 0.115276 0.109618 0.93359375
GettyImages-547031277-58ef97803df78cd3fc724e24 2 0.693777 0.871641 0.134371 0.111033 0.9365234375
GettyImages-547031277-58ef97803df78cd3fc724e24 2 0.928925 0.906294 0.139321 0.115276 0.9423828125
This-Is-the-Real-Difference-Between-Streets-Roads-and-Avenues_394392439-TTstudio 0 0.236875 0.496257 0.00541667 0.0230817 0.2222900390625
This-Is-the-Real-Difference-Between-Streets-Roads-and-Avenues_394392439-TTstudio 2 0.466458 0.446039 0.01625 0.0199626 0.260986328125
This-Is-the-Real-Difference-Between-Streets-Roads-and-Avenues_394392439-TTstudio 2 0.605417 0.517779 0.0408333 0.0561447 0.389404296875
This-Is-the-Real-Difference-Between-Streets-Roads-and-Avenues_394392439-TTstudio 2 0.301458 0.406737 0.0120833 0.0187149 0.404296875
This-Is-the-Real-Difference-Between-Streets-Roads-and-Avenues_394392439-TTstudio 2 0.492292 0.444479 0.01625 0.0193387 0.42626953125
This-Is-the-Real-Difference-Between-Streets-Roads-and-Avenues_394392439-TTstudio 2 0.332708 0.452277 0.01875 0.0262009 0.5029296875
This-Is-the-Real-Difference-Between-Streets-Roads-and-Avenues_394392439-TTstudio 2 0.344167 0.429819 0.015 0.0174672 0.56494140625
This-Is-the-Real-Difference-Between-Streets-Roads-and-Avenues_394392439-TTstudio 2 0.360417 0.451029 0.0166667 0.0212102 0.583984375
This-Is-the-Real-Difference-Between-Streets-Roads-and-Avenues_394392439-TTstudio 2 0.343333 0.482221 0.0225 0.0336868 0.61181640625
This-Is-the-Real-Difference-Between-Streets-Roads-and-Avenues_394392439-TTstudio 2 0.54625 0.496569 0.025 0.0311915 0.685546875
This-Is-the-Real-Difference-Between-Streets-Roads-and-Avenues_394392439-TTstudio 2 0.669375 0.538989 0.0329167 0.0411728 0.830078125
This-Is-the-Real-Difference-Between-Streets-Roads-and-Avenues_394392439-TTstudio 2 0.625 0.540237 0.0333333 0.0461634 0.84716796875
This-Is-the-Real-Difference-Between-Streets-Roads-and-Avenues_394392439-TTstudio 2 0.556875 0.53088 0.03125 0.0399251 0.857421875
This-Is-the-Real-Difference-Between-Streets-Roads-and-Avenues_394392439-TTstudio 2 0.421042 0.569869 0.0420833 0.0467873 0.88232421875
This-Is-the-Real-Difference-Between-Streets-Roads-and-Avenues_394392439-TTstudio 2 0.714375 0.634124 0.0545833 0.0655022 0.900390625
This-Is-the-Real-Difference-Between-Streets-Roads-and-Avenues_394392439-TTstudio 2 0.357292 0.645664 0.05625 0.0748596 0.904296875
This-Is-the-Real-Difference-Between-Streets-Roads-and-Avenues_394392439-TTstudio 2 0.816667 0.75733 0.0775 0.0935745 0.90673828125
This-Is-the-Real-Difference-Between-Streets-Roads-and-Avenues_394392439-TTstudio 2 0.409792 0.77199 0.07875 0.0941984 0.92529296875
file-20211104-13-fz0409 0 0.30125 0.674583 0.0375 0.0441667 0.2095947265625
file-20211104-13-fz0409 0 0.786667 0.288333 0.0433333 0.085 0.2135009765625
file-20211104-13-fz0409 2 0.0983333 0.03375 0.07 0.0675 0.225341796875
file-20211104-13-fz0409 0 0.679167 0.995417 0.0333333 0.00916667 0.22900390625
file-20211104-13-fz0409 0 0.770417 0.154167 0.0358333 0.0416667 0.2301025390625
file-20211104-13-fz0409 0 0.637083 0.99 0.0458333 0.02 0.289306640625
file-20211104-13-fz0409 0 0.934583 0.0566667 0.0375 0.0733333 0.291748046875
file-20211104-13-fz0409 0 0.924167 0.392083 0.0366667 0.0591667 0.3037109375
file-20211104-13-fz0409 0 0.79625 0.3225 0.0441667 0.1 0.31103515625
file-20211104-13-fz0409 0 0.756667 0.391667 0.0383333 0.0966667 0.32421875
file-20211104-13-fz0409 0 0.51125 0.80875 0.0358333 0.0408333 0.324951171875
file-20211104-13-fz0409 0 0.86625 0.374167 0.0458333 0.103333 0.350830078125
file-20211104-13-fz0409 0 0.27 0.164167 0.0566667 0.06 0.352783203125
file-20211104-13-fz0409 2 0.963333 0.156667 0.0733333 0.0883333 0.3564453125
file-20211104-13-fz0409 0 0.389583 0.0375 0.0325 0.0466667 0.371337890625
file-20211104-13-fz0409 0 0.832917 0.775 0.0641667 0.08 0.39990234375
file-20211104-13-fz0409 0 0.122917 0.208333 0.0391667 0.0333333 0.418701171875
file-20211104-13-fz0409 0 0.819583 0.607917 0.0425 0.0625 0.4501953125
file-20211104-13-fz0409 0 0.278333 0.0995833 0.04 0.0725 0.46484375
file-20211104-13-fz0409 2 0.598333 0.4375 0.288333 0.275 0.5
file-20211104-13-fz0409 0 0.32625 0.8625 0.0541667 0.0683333 0.53369140625
file-20211104-13-fz0409 0 0.21 0.192917 0.045 0.0841667 0.5341796875
file-20211104-13-fz0409 0 0.155 0.307083 0.0483333 0.0758333 0.55224609375
file-20211104-13-fz0409 0 0.84125 0.649583 0.0791667 0.104167 0.5634765625
file-20211104-13-fz0409 0 0.749167 0.803333 0.05 0.108333 0.56396484375
file-20211104-13-fz0409 2 0.34625 0.261667 0.119167 0.151667 0.591796875
file-20211104-13-fz0409 0 0.85875 0.545417 0.0625 0.114167 0.60498046875
file-20211104-13-fz0409 2 0.463333 0.284583 0.125 0.145833 0.62744140625
file-20211104-13-fz0409 2 0.23375 0.0420833 0.0858333 0.0841667 0.63671875
file-20211104-13-fz0409 0 0.122083 0.24625 0.0458333 0.0841667 0.701171875
file-20211104-13-fz0409 2 0.397083 0.549167 0.190833 0.166667 0.72607421875
file-20211104-13-fz0409 0 0.0545833 0.295417 0.0341667 0.0341667 0.7275390625
file-20211104-13-fz0409 0 0.391667 0.882917 0.085 0.109167 0.73291015625
file-20211104-13-fz0409 2 0.162917 0.0854167 0.0891667 0.124167 0.74462890625
file-20211104-13-fz0409 2 0.635417 0.330417 0.140833 0.1625 0.7470703125
file-20211104-13-fz0409 0 0.79 0.82875 0.075 0.109167 0.75048828125
file-20211104-13-fz0409 0 0.139167 0.9225 0.0766667 0.108333 0.7568359375
file-20211104-13-fz0409 2 0.955417 0.668333 0.0891667 0.138333 0.7744140625
file-20211104-13-fz0409 2 0.229583 0.459167 0.149167 0.185 0.7783203125
file-20211104-13-fz0409 0 0.71875 0.618333 0.0758333 0.108333 0.78662109375
file-20211104-13-fz0409 2 0.482083 0.104583 0.105833 0.1275 0.79345703125
file-20211104-13-fz0409 0 0.0566667 0.341667 0.0616667 0.0966667 0.79931640625
file-20211104-13-fz0409 2 0.417917 0.0379167 0.119167 0.0741667 0.80029296875
file-20211104-13-fz0409 2 0.431667 0.710417 0.205 0.209167 0.810546875
file-20211104-13-fz0409 2 0.54375 0.234167 0.135833 0.133333 0.822265625
file-20211104-13-fz0409 2 0.9225 0.51 0.155 0.183333 0.8251953125
file-20211104-13-fz0409 2 0.0945833 0.456667 0.160833 0.173333 0.83251953125
file-20211104-13-fz0409 2 0.0441667 0.745417 0.0883333 0.1475 0.83935546875
file-20211104-13-fz0409 2 0.5475 0.151667 0.106667 0.105 0.8515625
file-20211104-13-fz0409 2 0.90375 0.760417 0.1925 0.165833 0.8525390625
file-20211104-13-fz0409 2 0.600833 0.71375 0.183333 0.209167 0.85986328125
file-20211104-13-fz0409 2 0.224583 0.585 0.185833 0.188333 0.8740234375
file-20211104-13-fz0409 2 0.3 0.36875 0.221667 0.224167 0.88720703125
file-20211104-13-fz0409 2 0.0679167 0.5675 0.134167 0.178333 0.89208984375
file-20211104-13-fz0409 2 0.932917 0.901667 0.134167 0.196667 0.89501953125
file-20211104-13-fz0409 2 0.669167 0.900833 0.34 0.198333 0.90087890625
file-20211104-13-fz0409 2 0.235833 0.764583 0.215 0.205833 0.919921875
images (1) 2 0.78 0.0382514 0.0472727 0.0546448 0.259521484375
images (1) 2 0.727273 0.193989 0.0581818 0.0928962 0.59228515625
images (2) 2 0.368889 0.606667 0.0977778 0.0488889 0.33154296875
images (2) 2 0.0933333 0.606667 0.0533333 0.04 0.5849609375
images (2) 2 0.182222 0.617778 0.124444 0.0888889 0.81005859375
images (2) 2 0.473333 0.675556 0.306667 0.151111 0.89501953125
images 2 0.263462 0.229381 0.219231 0.283505 0.2193603515625
images 2 0.717308 0.0386598 0.15 0.0773196 0.300537109375
images 2 0.0211538 0.260309 0.0423077 0.170103 0.332275390625
images 2 0.334615 0.224227 0.0769231 0.262887 0.334716796875
images 2 0.203846 0.0360825 0.115385 0.0721649 0.377197265625
images 2 0.342308 0.0360825 0.1 0.0721649 0.406982421875
images 2 0.782692 0.391753 0.434615 0.237113 0.623046875
images 2 0.530769 0.121134 0.230769 0.159794 0.68115234375
images 2 0.969231 0.0386598 0.0615385 0.0773196 0.6982421875
images 2 0.717308 0.213918 0.565385 0.262887 0.7578125
images 2 0.717308 0.631443 0.557692 0.520619 0.7607421875
images 2 0.773077 0.835052 0.453846 0.309278 0.83984375
images 2 0.176923 0.268041 0.284615 0.298969 0.888671875
